tempo 120000
note 12 13 1 12 127
note 13 14 1 13 127
note 14 15 1 14 127
note 15 16 1 15 127
note 16 17 1 16 127
note 17 18 1 17 127
note 18 19 1 18 127
note 19 20 1 19 127
note 20 21 1 20 127
note 21 22 1 21 127
note 22 23 1 22 127
note 23 24 1 23 127
note 24 25 1 24 127
note 25 26 1 25 127
note 26 27 1 26 127
note 27 28 1 27 127
note 28 29 1 28 127
note 29 30 1 29 127
note 30 31 1 30 127
note 31 32 1 31 127
note 32 33 1 32 127
note 33 34 1 33 127
note 34 35 1 34 127
note 35 36 1 35 127
note 36 37 1 36 127
note 37 38 1 37 127
note 38 39 1 38 127
note 39 40 1 39 127
note 40 41 1 40 127
note 41 42 1 41 127
note 42 43 1 42 127
note 43 44 1 43 127
note 44 45 1 44 127
note 45 46 1 45 127
note 46 47 1 46 127
note 47 48 1 47 127
note 48 49 1 48 127
note 49 50 1 49 127
note 50 51 1 50 127
note 51 52 1 51 127
note 52 53 1 52 127
note 53 54 1 53 127
note 54 55 1 54 127
note 55 56 1 55 127
note 56 57 1 56 127
note 57 58 1 57 127
note 58 59 1 58 127
note 59 60 1 59 127
note 60 61 1 60 127
note 61 62 1 61 127
note 62 63 1 62 127
note 63 64 1 63 127
note 64 65 1 64 127
note 65 66 1 65 127
note 66 67 1 66 127
note 67 68 1 67 127
note 68 69 1 68 127
note 69 70 1 69 127
note 70 71 1 70 127
note 71 72 1 71 127
note 72 73 1 72 127
note 73 74 1 73 127
note 74 75 1 74 127
note 75 76 1 75 127
note 76 77 1 76 127
note 77 78 1 77 127
note 78 79 1 78 127
note 79 80 1 79 127
note 80 81 1 80 127
note 81 82 1 81 127
note 82 83 1 82 127
note 83 84 1 83 127
note 84 85 1 84 127
note 85 86 1 85 127
note 86 87 1 86 127
note 87 88 1 87 127
note 88 89 1 88 127
note 89 90 1 89 127
note 90 91 1 90 127
note 91 92 1 91 127
note 92 93 1 92 127
note 93 94 1 93 127
note 94 95 1 94 127
note 95 96 1 95 127
note 96 97 1 96 127
note 97 98 1 97 127
note 98 99 1 98 127
note 99 100 1 99 127
note 100 101 1 100 127
note 101 102 1 101 127
note 102 103 1 102 127
note 103 104 1 103 127
note 104 105 1 104 127
note 105 106 1 105 127
note 106 107 1 106 127
note 107 108 1 107 127
note 108 109 1 108 127
note 109 110 1 109 127
note 110 111 1 110 127
note 111 112 1 111 127
note 112 113 1 112 127
note 113 114 1 113 127
note 114 115 1 114 127
note 115 116 1 115 127
note 116 117 1 116 127
note 117 118 1 117 127
note 118 119 1 118 127
note 119 120 1 119 127
note 120 121 1 120 127
note 121 122 1 121 127
note 122 123 1 122 127
note 123 124 1 123 127
note 124 125 1 124 127
note 125 126 1 125 127
note 126 127 1 126 127
note 127 128 1 127 127
note 128 129 1 128 127
note 129 130 1 129 127
note 130 131 1 130 127
note 131 132 1 131 127
note 132 133 1 132 127
